RS-WS-N01-8 >> [01 03 28 00 00 00 0E 00 00 00 00 00 00 00 00 00 00 00 00 00 00 00 00 00 00 00 0E 08 9D 00 00 00 00 00 00 03 E8 13 89 00 00 00 00 0C 51]
RS-WS-N01-8 << [01 03 00 00 00 14 45 C5]
RS-WS-N01-8 >> [01 03 28 00 00 00 0E 00 00 00 00 00 00 00 00 00 00 00 00 00 00 00 00 00 00 00 0E 08 A1 00 00 00 00 00 00 03 E8 13 8A 00 00 00 00 74 40]
RS-WS-N01-8 << [01 03 00 00 00 14 45 C5]
RS-WS-N01-8 >> [01 03 28 00 00 00 0E 00 00 00 00 00 00 00 00 00 00 00 00 00 00 00 00 00 00 00 0E 08 A1 00 00 00 00 00 00 03 E8 13 8A 00 00 00 00 74 40]
RS-WS-N01-8 << [01 03 00 00 00 14 45 C5]
RS-WS-N01-8 >> [01 03 28 00 00 00 0E 00 00 00 00 00 00 00 00 00 00 00 00 00 00 00 00 00 00 00 0E 08 88 00 00 00 00 00 00 03 E8 13 88 00 00 00 00 E4 9E]
RS-WS-N01-8 << [01 03 00 00 00 14 45 C5]
RS-WS-N01-8 >> [01 03 28 00 00 00 0E 00 00 00 00 00 00 00 00 00 00 00 00 00 00 00 00 00 00 00 0E 08 85 00 00 00 00 00 00 03 E8 13 88 00 00 00 00 29 9B]
RS-WS-N01-8 << [01 03 00 00 00 14 45 C5]
RS-WS-N01-8 >> [01 03 28 00 00 00 0E 00 00 00 00 00 00 00 00 00 00 00 00 00 00 00 00 00 00 00 0E 08 73 00 00 00 00 00 00 03 E8 13 89 00 00 00 00 62 1D]
